# BotBrain Matrix
Rows count 27
Column count 17

M -0.141205 -0.637474 -0.858929 -0.822490 0.860791 0.414680 -0.483690 -0.035311 0.219308 0.932413 0.838948 -0.418923 -0.735818 -0.648501 0.779141 0.803465 -0.943971 
M -0.550069 0.435366 -0.810171 0.608012 0.323800 -0.011010 -0.935559 0.256299 0.791714 0.893722 -0.371552 -0.159672 -0.505372 -0.966269 -0.948383 -0.417252 -0.320140 
M -0.885961 0.985122 -0.667775 0.138809 0.831369 0.676164 0.891004 -0.948978 -0.939795 -0.283780 0.647448 0.989161 -0.975137 -0.298512 -0.479355 0.505662 0.660149 
M 0.063893 -1.009967 2.239180 -0.920945 -0.047298 -0.613012 -0.246266 -0.941164 0.598853 -0.142147 -0.970633 -0.763272 -0.195823 0.816780 0.406514 -0.572819 -0.237175 
M 0.271159 -0.716623 -0.900891 1.002978 0.673630 0.298915 -0.974914 -0.221187 0.139400 -0.231353 -0.998647 0.876612 -0.479493 -0.406116 0.671850 -0.480572 -0.423652 
M -0.310419 0.738878 0.859377 -0.330076 -0.806677 -0.109208 0.031030 0.439013 0.633657 0.427790 0.612165 -0.832524 -0.854236 -0.191999 -0.677767 0.043951 0.073854 
M 0.325916 0.285044 0.007730 0.975888 -0.364716 0.466277 0.161414 -0.498232 -0.054636 -0.211298 -0.545902 0.512887 0.038500 -0.633856 -0.616730 0.457602 -0.125033 
M -0.723611 0.649247 0.754093 -0.918053 0.230802 0.736786 -0.686438 0.728489 0.823873 0.763476 0.862755 0.689042 -0.881125 -0.059341 -0.980575 -0.524407 0.296892 
M 0.680878 -0.255099 0.370283 0.366216 0.188035 -0.698488 -0.343943 0.594054 -0.402524 0.968291 -0.928366 0.082876 0.596023 0.477611 0.389910 0.809458 -0.556318 
M 0.155887 -0.533393 -0.334446 -0.286823 -0.408738 0.402729 0.856393 -0.883283 0.461585 -0.946806 -0.562462 -0.560101 0.980440 -0.969674 -0.760623 -0.793052 0.063787 
M 0.233686 -0.351939 -0.571012 -0.996128 0.904817 0.930011 0.687788 -0.161012 -0.786903 -0.511616 -0.640482 -0.155937 -0.468903 0.955656 -0.540320 -0.906633 -0.856991 
M 0.713264 0.989384 0.208835 -0.679275 -0.624946 0.302233 -0.513353 -0.138141 -0.699697 0.779475 -0.524542 0.940484 -0.634534 -0.837545 0.475550 0.339378 0.636882 
M -0.538073 0.521069 -0.572787 0.230879 0.893118 -0.967217 -0.529283 0.969462 -0.224961 0.010496 -0.193937 0.521073 0.577277 -0.497387 -0.504203 0.506521 0.282948 
M 0.878989 0.411980 -0.049734 -0.265684 0.109163 0.133580 -0.355580 -0.053819 -0.241108 -0.708046 0.974643 0.792300 0.249167 0.023120 0.118995 -0.594245 0.978505 
M 0.069776 0.645972 -0.219451 0.070808 0.508870 0.366132 0.038154 -0.369614 -0.236748 0.769609 -0.575531 -0.877356 0.019204 -0.339003 0.513407 0.171370 0.951893 
M -0.001062 -0.786793 -0.214701 0.884704 -0.088675 -0.222489 -0.870053 -0.791256 0.417399 0.573353 -0.173178 -0.907384 -0.725730 0.616813 -0.555829 -0.474248 -0.970473 
M -0.931512 -0.323691 1.778318 0.946536 0.425772 -0.068478 0.736038 -0.074647 -0.187531 0.630294 -0.682932 -0.009974 -0.201860 0.540941 0.310380 -0.724173 -0.691750 
M -0.447156 -0.182310 -0.667513 -0.753849 -0.607896 0.245627 0.385922 -0.358272 -0.238729 -0.217363 -0.846839 -0.139979 -0.419328 -0.579199 -0.988187 0.528012 0.450012 
M -0.322932 -0.494826 -0.367745 0.126079 -0.233411 0.076842 -0.009987 -0.245270 0.469385 0.582171 -0.884237 0.199094 0.896733 0.758071 -0.517868 0.757745 -0.418632 
M -0.471532 -0.912422 0.311730 -0.615684 -0.677447 0.079157 0.702546 0.162261 0.733931 -0.242101 0.712306 -0.661374 -0.137047 -0.155914 -0.069353 0.639731 0.017341 
M -0.342401 0.154174 -0.146873 0.034013 -0.620676 0.241521 0.059079 0.634505 -0.280605 -0.103520 -0.909016 -0.015071 -0.992845 0.128542 -0.096592 -0.892568 -0.352186 
M 0.163966 -0.664776 0.463856 -0.523234 -0.196667 0.174806 0.218022 -0.733622 -0.251001 0.343772 0.574083 -0.728584 0.072144 -0.846495 0.386077 0.800218 -0.343395 
M -0.833706 0.170226 -0.053524 -0.002373 -0.502999 -0.727618 -0.028242 0.693595 0.682958 -0.113798 0.818762 0.369078 0.417609 0.004650 -0.329650 -0.882781 0.714589 
M -0.079638 0.821169 -0.492839 -0.126821 0.315553 -0.128786 0.272807 -0.954490 -0.181002 -0.821889 -0.623968 -0.796796 0.688019 0.007493 0.816743 -0.884633 -0.110655 
M -0.608339 -0.523877 -0.058679 -0.992733 0.821967 -0.307495 0.856208 -0.746811 0.636865 0.777993 0.710019 0.318170 -0.853396 0.270794 -0.180779 -0.147613 -0.595783 
M -0.295066 0.456667 0.857227 -0.973596 -0.625303 0.506318 -0.758240 0.310461 0.318515 0.808391 -0.034247 -0.861597 -0.621112 -0.185011 0.172826 -0.290692 0.497713 
M -9.998411 -10.007262 -9.967484 -10.005791 -10.005735 -10.005708 -10.000984 -9.998573 -9.998924 -10.001474 -9.998236 -10.001759 -10.000627 -10.003381 -10.000722 -10.002908 -9.998493 
end