# BotBrain Matrix
Rows count 27
Column count 17

M -0.701025 -0.551036 -0.146103 -0.477885 0.473786 -0.629212 -0.554615 -0.039132 0.285015 -0.458632 0.020091 -0.287057 0.755282 -0.486097 0.846056 0.512736 0.937574 
M -0.708792 0.084280 -0.133102 -0.662138 0.138395 0.701821 -0.792532 -0.974770 -0.723156 0.574132 -0.377652 0.809673 0.309484 -0.125050 -0.327385 -0.699612 -0.738038 
M 0.289680 -0.537558 -0.572448 0.398520 -0.535288 -0.326022 0.444861 -0.850678 0.921506 0.007380 0.578952 0.729183 -0.644139 0.214939 0.448369 0.868273 0.190128 
M 0.629593 -0.904234 0.801756 0.642863 0.078257 0.814961 -0.717539 0.892348 0.569968 -0.980893 -0.214656 -0.585477 0.269117 0.648292 0.961234 -0.822307 -0.426542 
M -0.010069 0.991001 0.434519 -0.373786 -0.888970 -0.736437 -0.042959 -0.188830 -0.715641 -0.072024 0.593305 0.637848 0.482874 0.306099 0.119780 -0.373748 0.494566 
M -0.891991 -0.337411 -0.067160 0.386705 0.910215 -0.997713 0.709880 0.164819 0.909305 0.823682 -0.312523 0.108451 0.570516 -0.623890 -0.379451 -0.432049 0.701448 
M 0.755250 -0.764903 0.393489 -0.037963 -0.837962 -0.705211 -0.162159 0.246571 -0.397002 -0.148839 0.053061 -0.069227 0.245497 0.327776 -0.419418 0.681633 -0.611836 
M 0.246615 0.878006 0.794117 -0.294690 -0.527390 0.631810 -0.018219 0.083719 -0.926384 0.647980 0.401747 -0.414939 -0.242801 -0.876304 -0.923534 -0.804207 -0.367302 
M 0.876612 0.476085 0.903345 -0.145797 0.256486 0.840534 0.895209 0.672571 0.063512 0.556688 0.997711 -0.860548 -0.365887 0.444314 -0.689388 -0.925727 0.670906 
M -0.471291 0.293012 0.102513 -0.032196 -0.702178 -0.112852 -0.407035 0.347075 -0.247777 -0.753724 -0.457323 0.434098 -0.162027 0.352976 -0.789986 -0.684844 -0.849781 
M -0.614306 -0.562835 0.537373 0.924828 -0.481313 -0.268996 -0.274765 0.807466 -0.883729 0.929340 0.227609 0.940740 -0.304618 0.938534 0.362204 -0.461012 -0.871498 
M 0.873438 -0.375077 -0.053757 0.087088 -0.867681 0.466410 -0.239440 0.725285 -0.399013 0.457126 0.277156 0.441569 -0.189301 -0.666665 -0.856278 -0.734813 -0.881041 
M 0.420466 -0.831403 -0.519165 -0.309146 -0.640149 0.880156 0.030535 -0.807901 -0.271870 -0.076637 -0.308408 -0.340974 0.000922 -0.442936 -0.907167 0.022717 -0.041082 
M 0.791119 0.488232 0.535717 0.992378 0.553527 0.425841 0.452131 -0.119327 -0.522946 -0.679992 0.000339 -0.299993 0.102150 0.576766 0.414579 -0.326102 0.346435 
M -0.176000 0.922438 0.264900 -0.392380 0.903221 0.339580 -0.303096 0.362066 0.619176 0.963173 0.689315 -0.891916 0.240993 -0.218267 -0.169221 -0.889789 -0.584783 
M -0.079292 0.782851 -0.443056 0.706604 0.648139 -0.662035 0.698319 -0.322586 -0.885187 -0.263541 -0.769514 -0.563220 0.050050 0.195562 -0.344397 0.240422 -0.542785 
M 0.833611 -0.336853 0.521955 -0.060970 0.762215 -0.128678 -0.465807 1.005770 -0.570383 -0.455271 0.365609 0.136474 -0.106500 -0.546306 -0.014967 -0.413233 0.772817 
M 0.591387 0.826589 -0.957394 -0.606882 -0.196583 -0.375114 0.371844 -0.259837 -0.413273 -0.944879 -0.179880 -0.171814 -0.191885 -0.259735 0.802737 -0.725680 -0.031743 
M -0.635601 -0.409568 -0.814260 0.078470 0.856410 -0.087778 0.509239 -0.985672 -0.607164 0.903255 0.690941 0.023885 -0.506637 -0.741831 0.639398 0.529821 -0.514708 
M -0.422553 0.525732 -0.847643 0.879985 -0.464541 0.669083 -0.769730 0.671327 -0.804452 -0.505116 -0.208032 0.574452 -0.039637 0.676225 -0.205247 0.336894 -0.877433 
M 0.557039 0.708668 -0.778367 -0.806059 0.354677 -0.734746 0.921516 -0.098047 0.416610 -0.093499 -0.516809 -0.627418 -0.994786 -0.383265 0.095277 0.879299 0.144930 
M 0.061622 -0.127658 0.405505 -0.827578 0.966522 0.611318 -0.621080 0.610173 0.787909 -0.449090 0.062622 -0.861972 0.279865 -0.917618 -0.205642 0.161107 0.715630 
M -0.835516 0.125464 -0.272019 0.092616 -0.377409 -0.878836 -0.841194 -0.529286 0.979978 0.779276 0.441087 -0.246228 0.915328 -0.798423 0.370781 0.056351 0.811215 
M -0.702538 0.769126 -0.793481 0.792615 0.019458 0.991049 0.273432 0.409000 -0.506085 -0.873057 0.566165 -0.172058 -0.346105 -0.156985 0.565675 0.782437 -0.063221 
M 0.975205 -0.185440 -0.577697 -0.709267 -0.424871 0.816085 0.803419 0.752283 0.543663 -0.436233 0.783733 -0.114701 0.454957 0.237406 0.398110 -0.434195 0.890044 
M -0.248055 0.821713 0.876269 0.090353 0.329517 -0.698571 0.645717 0.401097 0.706506 0.096862 0.326098 -0.076064 -0.772106 -0.969203 0.045985 0.969292 0.111569 
M -10.039395 -10.000599 -10.059935 -10.006632 -10.012506 -9.985092 -9.990217 -9.995441 -9.989306 -9.990842 -9.982642 -9.990067 -9.984217 -9.996753 -9.990853 -9.989337 -10.004673 
end