# BotBrain Matrix
Rows count 27
Column count 17

M -0.139348 -0.636318 -0.862064 -0.822446 0.860249 0.416759 -0.483314 -0.036306 0.219214 0.928348 0.840432 -0.421764 -0.737709 -0.650810 0.776316 0.807489 -0.944144 
M -0.548504 0.436410 -0.808948 0.607359 0.326846 -0.009030 -0.935115 0.256713 0.791219 0.896239 -0.371731 -0.159053 -0.505531 -0.965061 -0.949806 -0.417829 -0.320030 
M -0.886487 0.989044 -0.682235 0.139150 0.831548 0.678608 0.892743 -0.950582 -0.932695 -0.282329 0.645741 0.988968 -0.973843 -0.301848 -0.473957 0.506396 0.658823 
M 0.065914 -1.003331 2.211196 -0.913512 -0.052238 -0.610544 -0.244517 -0.941101 0.597442 -0.135365 -0.967291 -0.761276 -0.193221 0.815263 0.408254 -0.568215 -0.238884 
M 0.274123 -0.711429 -0.918001 1.006812 0.666009 0.300760 -0.974921 -0.222440 0.146215 -0.226671 -0.998721 0.875975 -0.479858 -0.408539 0.669302 -0.481399 -0.424176 
M -0.310343 0.746771 0.859321 -0.328401 -0.805709 -0.108299 0.029354 0.444322 0.630798 0.426130 0.612596 -0.832283 -0.855823 -0.192378 -0.678884 0.043731 0.071918 
M 0.325362 0.291386 0.009235 0.975036 -0.366837 0.465011 0.161881 -0.500266 -0.053499 -0.213238 -0.546161 0.512323 0.038835 -0.635032 -0.615499 0.455974 -0.124198 
M -0.722088 0.651939 0.753899 -0.917826 0.230817 0.737280 -0.688493 0.730123 0.823194 0.763475 0.861857 0.688108 -0.879893 -0.060000 -0.981559 -0.524916 0.293018 
M 0.680715 -0.253693 0.368938 0.365703 0.190893 -0.699322 -0.342353 0.592514 -0.405978 0.965808 -0.925923 0.081788 0.593400 0.480392 0.388104 0.809867 -0.557176 
M 0.164040 -0.532125 -0.349274 -0.281702 -0.410976 0.401497 0.856707 -0.880184 0.459774 -0.949227 -0.560333 -0.561754 0.979448 -0.967319 -0.758474 -0.793796 0.064452 
M 0.233253 -0.351604 -0.567966 -0.996674 0.904945 0.926381 0.690420 -0.160997 -0.786554 -0.510602 -0.641156 -0.156070 -0.470016 0.955382 -0.543931 -0.906494 -0.857952 
M 0.716228 0.995798 0.214637 -0.678689 -0.628135 0.302756 -0.514341 -0.137204 -0.701247 0.778743 -0.526414 0.938254 -0.634584 -0.839770 0.472807 0.338988 0.637128 
M -0.542803 0.529210 -0.534670 0.232790 0.889115 -0.969163 -0.531596 0.968838 -0.226452 0.007217 -0.197081 0.517673 0.573454 -0.500261 -0.509583 0.504382 0.283233 
M 0.876567 0.414255 -0.062383 -0.266858 0.115696 0.135729 -0.353692 -0.054452 -0.244834 -0.709349 0.972219 0.795257 0.247230 0.022784 0.121311 -0.595325 0.977355 
M 0.067540 0.653888 -0.232012 0.075407 0.509414 0.365337 0.040622 -0.364876 -0.238612 0.770406 -0.573412 -0.879818 0.020234 -0.338728 0.514577 0.169678 0.950088 
M -0.004259 -0.783990 -0.210786 0.883795 -0.089735 -0.220529 -0.867685 -0.790613 0.416387 0.573850 -0.172615 -0.909967 -0.723505 0.612303 -0.557224 -0.474818 -0.972971 
M -0.929738 -0.306195 1.791826 0.946607 0.421831 -0.070514 0.735920 -0.076892 -0.194834 0.625101 -0.687602 -0.013350 -0.206167 0.538635 0.304517 -0.726668 -0.694996 
M -0.448015 -0.182985 -0.669729 -0.753259 -0.606039 0.243820 0.385389 -0.359017 -0.236678 -0.217677 -0.847191 -0.140126 -0.419127 -0.579188 -0.987675 0.527831 0.450755 
M -0.322094 -0.494491 -0.369281 0.126700 -0.233243 0.075716 -0.007853 -0.250505 0.469133 0.581628 -0.888247 0.197680 0.893674 0.758824 -0.518732 0.755693 -0.421064 
M -0.474349 -0.914679 0.312545 -0.615857 -0.679412 0.081612 0.705102 0.162595 0.729985 -0.242531 0.710097 -0.663215 -0.136268 -0.155553 -0.068935 0.643979 0.018296 
M -0.341496 0.153430 -0.147435 0.034285 -0.621920 0.243083 0.058504 0.633240 -0.278603 -0.104648 -0.909499 -0.012141 -0.992084 0.125418 -0.096298 -0.894826 -0.352629 
M 0.163070 -0.665751 0.464845 -0.526652 -0.198621 0.174518 0.221824 -0.733849 -0.251271 0.343332 0.570238 -0.727492 0.072063 -0.846108 0.386151 0.799043 -0.343125 
M -0.831782 0.173605 -0.055331 -0.001127 -0.505571 -0.727136 -0.024995 0.693920 0.682886 -0.113013 0.819892 0.372976 0.420389 0.004669 -0.332511 -0.883564 0.717264 
M -0.081276 0.821280 -0.491564 -0.128677 0.315310 -0.128472 0.271706 -0.953246 -0.180432 -0.822821 -0.623278 -0.795924 0.689101 0.007531 0.817316 -0.887126 -0.108715 
M -0.608766 -0.523442 -0.056172 -0.989883 0.818036 -0.308340 0.855101 -0.746325 0.636088 0.781304 0.707772 0.317636 -0.854689 0.270786 -0.181046 -0.147657 -0.596451 
M -0.294484 0.455880 0.859420 -0.967399 -0.626284 0.508042 -0.759820 0.309818 0.316933 0.807153 -0.032188 -0.862608 -0.619814 -0.187597 0.173537 -0.291019 0.497281 
M -10.081372 -10.109568 -9.018167 -9.842480 -10.074627 -10.071563 -10.060818 -10.085240 -10.079573 -10.079409 -10.099017 -10.077305 -10.107176 -10.082285 -10.073979 -10.058040 -10.000000 
end